FAC 1.1.5[4.0.0]
Endian	= 0
TSess	= 1683858148
Type	= 2
Verbose	= 1
Fe Z	=  26.0
NBlocks	= 2

NELE	= 1
NTRANS	= 3
MULTIP	= 0
GAUGE	= 2
MODE	= 1
     1  1      0  1  6.951971E+03  2.725697E-01  2.858071E+14  2.725697E-01
     2  1      0  1  6.952533E+03  3.488322E-07  3.658324E+08  3.488322E-07
     3  3      0  1  6.973185E+03  5.461262E-01  2.880746E+14  5.461262E-01

NELE	= 1
NTRANS	= 3
MULTIP	= 0
GAUGE	= 2
MODE	= 1
     2  1      1  1  5.622448E-01  3.557926E-04  2.440211E+03  3.557926E-04
     3  3      1  1  2.121424E+01  9.183614E-06  4.483511E+04  9.183614E-06
     3  3      2  1  2.065200E+01  2.661780E-02  1.231533E+08  2.661780E-02
