FAC 1.1.5[4.0.0]
Endian	= 0
TSess	= 1683858173
Type	= 2
Verbose	= 1
Fe Z	=  26.0
NBlocks	= 1

NELE	= 3
NTRANS	= 2
MULTIP	= 0
GAUGE	= 2
MODE	= 1
     1  1      0  1  4.873922E+01  3.522263E-02  1.815342E+09  3.522263E-02
     2  3      0  1  6.467711E+01  9.505122E-02  4.313288E+09  9.505122E-02
