FAC 1.1.5[8.0.0]
Endian	= 0
TSess	= 1665120581
Type	= 2
Verbose	= 1
Fe Z	=  26.0
NBlocks	= 2

NELE	= 1
NTRANS	= 3
MULTIP	= 0
GAUGE	= 2
MODE	= 1
     1  1      0  1  6.951971E+03  2.725697E-01  2.858071E+14  2.725697E-01
     2  1      0  1  6.952533E+03  3.488157E-07  3.658151E+08  3.488157E-07
     3  3      0  1  6.973185E+03  5.461262E-01  2.880746E+14  5.461262E-01

NELE	= 1
NTRANS	= 3
MULTIP	= 0
GAUGE	= 2
MODE	= 1
     2  1      1  1  5.620396E-01  3.556627E-04  2.437540E+03  3.556627E-04
     3  3      1  1  2.121422E+01  9.183824E-06  4.483604E+04  9.183824E-06
     3  3      2  1  2.065218E+01  2.661803E-02  1.231565E+08  2.661803E-02
