FAC 1.1.5[8.0.0]
Endian	= 0
TSess	= 1665118939
Type	= 2
Verbose	= 1
Fe Z	=  26.0
NBlocks	= 1

NELE	= 3
NTRANS	= 2
MULTIP	= 0
GAUGE	= 2
MODE	= 1
     1  1      0  1  4.877237E+01  3.487205E-02  1.799719E+09  3.487205E-02
     2  3      0  1  6.470032E+01  9.407817E-02  4.272198E+09  9.407817E-02
